   Min. 1st Qu.  Median    Mean 3rd Qu.    Max. 
 0.2713  0.2891  0.2904  0.2900  0.2992  0.3000 
 0.2518  0.2715  0.2800  0.2768  0.2807  0.3000 
 0.2424  0.2519  0.2613  0.2597  0.2619  0.2812 
 0.2398  0.2432  0.2461  0.2506  0.2520  0.2717 
 0.1114  0.1228  0.2278  0.1990  0.2520  0.2810 
 0.1020  0.1228  0.2237  0.1896  0.2373  0.2623 
 0.1021  0.1129  0.1344  0.1643  0.2297  0.2426 
 0.1114  0.1239  0.1262  0.1477  0.1344  0.2426 
 0.1114  0.1119  0.1262  0.1434  0.1439  0.2238 
 0.1021  0.1229  0.1235  0.1432  0.1439  0.2238 
0.08372 0.10209 0.11256 0.11933 0.12515 0.17311 
