   Min. 1st Qu.  Median    Mean 3rd Qu.    Max. 
 0.2995  0.3002  0.3084  0.3086  0.3106  0.3242 
 0.2612  0.2911  0.3143  0.4391  0.5143  0.8143 
 0.2309  0.2480  0.2721  0.2759  0.3143  0.3143 
 0.2474  0.2479  0.2543  0.2763  0.3154  0.3166 
 0.2240  0.2415  0.2503  0.2572  0.2543  0.3160 
 0.2116  0.2295  0.3175  0.3649  0.5118  0.5541 
 0.2116  0.2143  0.3255  0.3991  0.5300  0.7143 
0.09903 0.09945 0.12285 0.11850 0.13019 0.14096 
 0.1090  0.1200  0.1228  0.2788  0.5122  0.5300 
 0.1090  0.1200  0.1228  0.2788  0.5122  0.5300 
0.09831 0.11209 0.11999 0.19283 0.12177 0.51197 
